19 0.2277777788461539 0.9469144006410257 0.16388888782051295 0.9469144006410257 0.16388888782051295 0.9827471794871795 0.2277777788461539 0.9827471794871795
9 0.09722222115384627 0.9429329807692307 0.04166666666666678 0.9429329807692307 0.04166666666666679 0.9787657596153846 0.09722222115384627 0.9787657596153846
15 0.9861111121794872 0.9495686794871795 0.8861111121794871 0.9495686794871795 0.8861111121794871 0.9854014583333333 0.9861111121794872 0.9854014583333333
19 0.6166666666666667 0.5739880544871795 0.5333333333333333 0.5739880544871795 0.5333333333333333 0.6284007948717949 0.6166666666666667 0.6284007948717949
11 0.8388888878205129 0.5859323173076924 0.5944444455128205 0.5859323173076922 0.5944444455128205 0.6483078974358976 0.8388888878205129 0.6483078974358977
8 0.95 0.04445918910256419 0.5722222211538461 0.04445918910256417 0.5722222211538461 0.39482415384615394 0.95 0.39482415384615394
19 0.6166666666666667 0.061712009615384686 0.5388888878205128 0.061712009615384686 0.5388888878205128 0.09489050961538469 0.6166666666666667 0.09489050961538469
19 0.10833333333333342 0.5766423365384615 0.0333333333333334 0.5766423365384615 0.03333333333333341 0.6084936955128205 0.10833333333333342 0.6084936955128205
22 0.25277777884615393 0.5992037147435898 0.011111112179487254 0.5992037147435898 0.011111112179487266 0.8195089583333333 0.25277777884615393 0.8195089583333333
22 0.2694444455128206 0.6615792980769231 0.2666666666666668 0.6615792980769231 0.2666666666666668 0.867286 0.2694444455128206 0.867286
22 0.3833333333333334 0.6483078974358975 0.1138888878205129 0.6483078974358975 0.1138888878205129 0.8606502980769231 0.3833333333333334 0.8606502980769231
22 0.4861111121794872 0.693430657051282 0.2611111121794873 0.693430657051282 0.2611111121794873 0.9017916378205129 0.4861111121794873 0.9017916378205129
2 0.4121865982278291 0.3671646120283218 0.2923747122027851 0.36062260254065404 0.290355853577712 0.39759644978803377 0.410167739602756 0.4041384592757015