19 0.8361111121794872 0.017252820512820614 0.7722222211538462 0.01725282051282061 0.7722222211538462 0.05308559935897445 0.8361111121794872 0.05308559935897445
9 0.9583333333333334 0.021234240384615497 0.902777778846154 0.021234240384615494 0.902777778846154 0.057067019230769345 0.9583333333333334 0.057067019230769345
15 0.11388888782051282 0.014598541666666671 0.01388888782051282 0.014598541666666666 0.013888887820512822 0.05043132051282052 0.11388888782051282 0.050431320512820524
19 0.4666666666666667 0.3715992051282052 0.3833333333333333 0.3715992051282052 0.38333333333333336 0.4260119455128205 0.4666666666666667 0.4260119455128205
11 0.4055555544871795 0.3516921025641026 0.16111111217948723 0.35169210256410255 0.16111111217948723 0.4140676826923077 0.40555555448717956 0.4140676826923077
8 0.4277777788461539 0.6051758461538461 0.05000000000000008 0.6051758461538461 0.05000000000000009 0.9555408108974359 0.42777777884615403 0.9555408108974359
19 0.46111111217948736 0.9051094903846154 0.3833333333333334 0.9051094903846154 0.3833333333333334 0.9382879903846154 0.46111111217948736 0.9382879903846154
19 0.9666666666666668 0.3915063044871796 0.8916666666666666 0.3915063044871796 0.8916666666666666 0.42335766346153864 0.9666666666666668 0.42335766346153864
22 0.9888888878205129 0.1804910416666668 0.7472222211538462 0.18049104166666677 0.7472222211538462 0.4007962852564103 0.9888888878205129 0.4007962852564103
22 0.7333333333333334 0.13271400000000008 0.7305555544871795 0.13271400000000008 0.7305555544871795 0.33842070192307705 0.7333333333333334 0.33842070192307705
22 0.8861111121794871 0.139349701923077 0.6166666666666667 0.139349701923077 0.6166666666666667 0.35169210256410266 0.8861111121794871 0.35169210256410266
22 0.7388888878205128 0.09820836217948727 0.5138888878205129 0.09820836217948725 0.5138888878205129 0.30656934294871807 0.7388888878205128 0.30656934294871807
2 0.7108216495912468 0.6085774361633531 0.591841957515519 0.5919753553774919 0.5862172131119661 0.6322853843293652 0.7051969051876938 0.6488874651152264