19 0.3055555544871796 0.6330457852564103 0.1888888878205129 0.6330457852564103 0.1888888878205129 0.6781685480769231 0.3055555544871796 0.6781685480769231
21 0.972222221153846 0.0159256794871796 0.9055555544871796 0.015925679487179593 0.9055555544871796 0.05839416025641037 0.972222221153846 0.05839416025641037
19 0.9666666666666668 0.5560716666666669 0.8972222211538462 0.5560716666666669 0.8972222211538462 0.5905773044871797 0.9666666666666668 0.5905773044871797
15 0.125 0.013271400641025654 0.04722222115384615 0.013271400641025647 0.04722222115384616 0.059721301282051296 0.125 0.0597213012820513
2 0.6571307825015286 0.05533526015878892 0.6458247077960413 -0.027489583119958264 0.29191217712169437 0.02082154374261366 0.30321825182718154 0.10364638702136084
20 0.44722222115384613 0.5202388846153847 0.3916666666666668 0.5202388846153847 0.3916666666666668 0.540145983974359 0.44722222115384613 0.540145983974359
20 0.4944444455128206 0.5149303237179488 0.4583333333333333 0.5149303237179488 0.4583333333333333 0.5441274038461539 0.4944444455128206 0.5441274038461539
20 0.5499999999999999 0.5189117435897436 0.5083333333333333 0.5189117435897436 0.5083333333333333 0.540145983974359 0.5499999999999999 0.540145983974359
20 0.6111111121794871 0.5149303237179488 0.5583333333333333 0.5149303237179488 0.5583333333333333 0.542800266025641 0.6111111121794871 0.542800266025641
16 0.7916666666666666 0.6396814871794873 0.7027777788461539 0.6396814871794871 0.7027777788461539 0.6715328461538462 0.7916666666666666 0.6715328461538463
12 1.0118538173927503 0.1270423701264545 0.15236824817582603 0.06220498839337924 0.11456563008588055 0.5633172149895439 0.9740511993028048 0.6281545967226191