19 0.8361111121794872 0.9469144006410257 0.7722222211538463 0.9469144006410257 0.7722222211538463 0.9827471794871795 0.8361111121794872 0.9827471794871795
9 0.9583333333333334 0.9429329807692307 0.902777778846154 0.9429329807692307 0.902777778846154 0.9787657596153846 0.9583333333333334 0.9787657596153846
15 0.11388888782051296 0.9495686794871795 0.013888887820512933 0.9495686794871795 0.013888887820512936 0.9854014583333333 0.11388888782051296 0.9854014583333333
19 0.4666666666666667 0.5739880544871795 0.3833333333333334 0.5739880544871795 0.3833333333333334 0.6284007948717949 0.4666666666666667 0.6284007948717949
11 0.40555555448717956 0.5859323173076922 0.16111111217948726 0.5859323173076922 0.16111111217948726 0.6483078974358975 0.40555555448717956 0.6483078974358975
8 0.42777777884615387 0.044459189102564134 0.049999999999999996 0.04445918910256411 0.050000000000000024 0.3948241538461539 0.42777777884615387 0.39482415384615394
19 0.4611111121794872 0.06171200961538466 0.3833333333333333 0.06171200961538466 0.3833333333333333 0.09489050961538466 0.4611111121794872 0.09489050961538466
19 0.9666666666666668 0.5766423365384618 0.8916666666666666 0.5766423365384618 0.8916666666666666 0.6084936955128207 0.9666666666666668 0.6084936955128207
22 0.9888888878205129 0.5992037147435899 0.7472222211538462 0.5992037147435899 0.7472222211538462 0.8195089583333335 0.9888888878205129 0.8195089583333335
22 0.7333333333333335 0.6615792980769231 0.7305555544871795 0.6615792980769231 0.7305555544871796 0.867286 0.7333333333333335 0.867286
22 0.8861111121794871 0.6483078974358976 0.6166666666666667 0.6483078974358975 0.6166666666666668 0.8606502980769231 0.8861111121794871 0.8606502980769231
22 0.7388888878205129 0.693430657051282 0.5138888878205129 0.693430657051282 0.5138888878205129 0.9017916378205129 0.738888887820513 0.9017916378205129
2 0.7108216495912467 0.39142256383664703 0.7051969051876937 0.35111253488477373 0.5862172131119658 0.36771461567063496 0.5918419575155189 0.40802464462250826